1 0.5356 0.2730 0.2337 0.0250 1.0000 16 4.500
2 0.5721 0.2572 0.2265 0.0500 1.0000 15 4.500
3 0.6140 0.2696 0.2451 0.0000 1.0000 2 4.625
4 0.6215 0.2378 0.2192 0.0250 1.0000 2 4.250
5 0.6086 0.2475 0.2239 0.0750 1.0000 15 4.125
6 0.6116 0.2771 0.2523 0.0000 1.0000 2 3.500
7 0.5834 0.2665 0.2359 0.0250 1.0000 2 4.125
8 0.4809 0.2912 0.2550 0.0250 1.0000 15 3.000
9 0.4603 0.2856 0.2524 0.0000 1.0000 2 4.875
10 0.6595 0.2662 0.2638 0.0000 1.0000 2 4.750
11 0.5266 0.3190 0.2823 0.0000 1.0000 14 3.625
12 0.6235 0.2529 0.2292 0.0250 1.0000 2 3.750
13 0.5522 0.2840 0.2479 0.0250 1.0000 15 3.375
14 0.6044 0.2804 0.2613 0.0000 1.0000 15 3.625
15 0.6437 0.2554 0.2455 0.0500 1.0000 2 3.750
16 0.5742 0.2826 0.2547 0.0500 1.0000 2 4.500
17 0.4270 0.2875 0.2548 0.0000 1.0000 15 4.000
18 0.6609 0.2094 0.2150 0.1250 1.0000 2 3.375
19 0.4834 0.2845 0.2409 0.0000 1.0000 14 3.625
20 0.4749 0.2735 0.2285 0.0000 1.0000 15 3.000
21 0.6082 0.2581 0.2332 0.0250 1.0000 15 3.750
22 0.6320 0.2550 0.2384 0.0000 1.0000 2 3.875
23 0.5485 0.2977 0.2606 0.0250 1.0000 2 4.375
24 0.6004 0.2910 0.2694 0.0000 1.0000 14 3.625
25 0.4658 0.3023 0.2669 0.0000 1.0000 2 4.125
26 0.5302 0.2955 0.2557 0.0000 1.0000 15 3.000
27 0.6323 0.2442 0.2338 0.0750 1.0000 15 3.375
28 0.5308 0.2732 0.2367 0.0250 1.0000 16 3.250
29 0.6151 0.2842 0.2644 0.0000 1.0000 2 3.375
30 0.5879 0.2993 0.2703 0.0250 1.0000 15 3.375
31 0.5547 0.2910 0.2560 0.0500 1.0000 2 4.375
32 0.5913 0.2684 0.2380 0.0000 1.0000 15 4.000
33 0.5563 0.2809 0.2417 0.0750 1.0000 16 3.375
34 0.6066 0.2487 0.2234 0.0250 1.0000 2 3.375
35 0.5526 0.2851 0.2478 0.0250 1.0000 16 3.625
36 0.4634 0.2670 0.2309 0.0250 1.0000 16 4.375
37 0.5554 0.2749 0.2403 0.0250 1.0000 15 3.750
38 0.6254 0.2423 0.2297 0.0000 1.0000 15 4.500
39 0.5671 0.2710 0.2356 0.0250 1.0000 15 3.875
40 0.5390 0.3016 0.2642 0.0000 1.0000 16 4.250
41 0.6460 0.2675 0.2628 0.0500 1.0000 2 4.375
42 0.5195 0.2928 0.2559 0.0000 1.0000 2 3.875
43 0.6148 0.2358 0.2186 0.1000 1.0000 2 3.125
44 0.5480 0.2698 0.2275 0.0000 1.0000 2 2.875
45 0.4528 0.2875 0.2492 0.0000 1.0000 14 4.000
46 0.5648 0.2784 0.2402 0.0000 1.0000 2 3.375
47 0.6207 0.2699 0.2471 0.0000 1.0000 2 4.500
48 0.5712 0.2663 0.2375 0.0250 1.0000 16 4.125
49 0.6286 0.2527 0.2454 0.0000 1.0000 15 3.375
50 0.4477 0.2898 0.2559 0.0000 1.0000 16 3.750
51 0.4991 0.2844 0.2462 0.0250 1.0000 2 4.500
52 0.5423 0.2764 0.2402 0.0000 1.0000 2 4.250
53 0.5944 0.2882 0.2581 0.0500 1.0000 2 3.875
54 0.5801 0.2838 0.2546 0.0000 1.0000 2 3.875
55 0.5121 0.2989 0.2626 0.0000 1.0000 2 3.500
56 0.6934 0.2389 0.2643 0.0750 1.0000 2 3.625
57 0.4386 0.2794 0.2468 0.0000 1.0000 15 4.125
58 0.4959 0.2908 0.2537 0.0250 1.0000 2 3.875
59 0.4600 0.2766 0.2423 0.0000 1.0000 17 4.250
60 0.5978 0.2670 0.2403 0.0250 1.0000 2 4.750
61 0.5252 0.2818 0.2437 0.0250 1.0000 2 3.250
62 0.5559 0.2688 0.2300 0.0500 1.0000 2 4.125
63 0.5735 0.2747 0.2415 0.0000 1.0000 2 4.000
64 0.6763 0.2368 0.2548 0.0875 1.0000 2 3.500
65 0.5401 0.2848 0.2521 0.0000 1.0000 14 4.250
66 0.4538 0.2856 0.2474 0.0000 1.0000 16 3.500
67 0.4754 0.2866 0.2475 0.0000 1.0000 2 3.500
68 0.6164 0.2677 0.2455 0.0250 1.0000 2 4.500
69 0.5465 0.2884 0.2508 0.0000 1.0000 2 3.750
70 0.4517 0.2773 0.2454 0.0250 1.0000 15 3.625
71 0.6155 0.2748 0.2566 0.0000 1.0000 2 4.125
72 0.5637 0.2957 0.2655 0.0000 1.0000 15 3.875
73 0.4794 0.2846 0.2478 0.0250 1.0000 15 3.625
74 0.5218 0.2778 0.2352 0.0250 1.0000 2 4.750
75 0.5256 0.2950 0.2556 0.0000 1.0000 2 3.750
76 0.5774 0.2718 0.2403 0.0500 1.0000 2 3.625
77 0.4130 0.2831 0.2564 0.0000 1.0000 16 4.250
78 0.6377 0.2513 0.2398 0.0500 1.0000 2 3.875
79 0.6604 0.2565 0.2624 0.0250 1.0000 15 4.125
80 0.5790 0.2790 0.2508 0.0250 1.0000 15 3.375
81 0.5017 0.3031 0.2622 0.0000 1.0000 2 4.750
82 0.5452 0.2931 0.2577 0.0000 1.0000 2 5.125
83 0.6064 0.2668 0.2429 0.0250 1.0000 15 3.375
84 0.5872 0.2836 0.2513 0.0000 1.0000 15 3.750
85 0.5968 0.2765 0.2493 0.0250 1.0000 9 3.750
86 0.4944 0.2923 0.2513 0.0250 1.0000 15 3.625
87 0.5447 0.2946 0.2558 0.0000 1.0000 2 4.500
88 0.4245 0.2996 0.2709 0.0000 1.0000 2 4.250
89 0.5679 0.2429 0.2053 0.0250 1.0000 2 4.250
90 0.4087 0.2920 0.2699 0.0000 1.0000 2 3.000
91 0.5952 0.2717 0.2429 0.0250 1.0000 16 4.375
92 0.5033 0.2829 0.2424 0.0000 1.0000 2 3.750
93 0.5052 0.3074 0.2652 0.0000 1.0000 14 3.625
94 0.5481 0.2915 0.2578 0.0250 1.0000 2 3.375
95 0.5445 0.2825 0.2491 0.0000 1.0000 15 3.125
96 0.6040 0.2826 0.2626 0.0500 1.0000 14 3.375
97 0.5554 0.2826 0.2455 0.0500 1.0000 15 3.750
98 0.5049 0.2461 0.2035 0.0250 1.0000 2 3.875
99 0.5856 0.2757 0.2490 0.0250 1.0000 2 2.625
100 0.4686 0.3123 0.2813 0.0000 1.0000 2 3.875
101 0.6968 0.2546 0.2821 0.0750 1.0000 2 3.500
102 0.4246 0.2936 0.2652 0.0000 1.0000 2 4.000
103 0.6505 0.2449 0.2364 0.0000 1.0000 2 5.000
104 0.4317 0.2945 0.2649 0.0000 1.0000 2 5.000
105 0.6256 0.2620 0.2492 0.0250 1.0000 16 3.500
106 0.5778 0.2609 0.2301 0.0000 1.0000 16 3.750
107 0.5431 0.2566 0.2210 0.0500 1.0000 16 3.375
108 0.4323 0.2889 0.2530 0.0000 1.0000 15 3.750
109 0.5231 0.2764 0.2354 0.0000 1.0000 15 4.375
110 0.5254 0.2910 0.2539 0.0000 1.0000 2 3.750
111 0.5081 0.2914 0.2517 0.0000 1.0000 15 4.625
112 0.5828 0.2406 0.2092 0.0000 1.0000 15 3.625
113 0.6437 0.2639 0.2556 0.0500 1.0000 2 4.000
114 0.4907 0.2813 0.2384 0.0000 1.0000 15 3.375
115 0.4479 0.2705 0.2349 0.0250 1.0000 15 3.375
116 0.3740 0.2943 0.2844 0.0000 1.0000 2 4.375
117 0.5998 0.2915 0.2638 0.0000 1.0000 2 3.750
118 0.5792 0.2698 0.2360 0.0250 1.0000 16 4.250
119 0.4387 0.2830 0.2515 0.0000 1.0000 15 4.750
120 0.6653 0.2378 0.2442 0.1000 1.0000 2 4.625
121 0.6662 0.2430 0.2478 0.0500 1.0000 2 3.625
122 0.4756 0.2749 0.2344 0.0000 1.0000 16 3.500
123 0.4973 0.2910 0.2529 0.0000 1.0000 15 4.250
124 0.5186 0.3030 0.2648 0.0000 1.0000 15 3.875
125 0.5212 0.3023 0.2623 0.0000 1.0000 2 3.875
126 0.5671 0.2805 0.2478 0.0000 1.0000 38 4.125
127 0.5145 0.2887 0.2416 0.0250 1.0000 2 3.625
128 0.6215 0.2700 0.2551 0.0000 1.0000 14 5.500
129 0.6098 0.3003 0.2796 0.0250 1.0000 2 4.250
130 0.6647 0.2379 0.2490 0.1250 1.0000 15 4.500
131 0.6227 0.2563 0.2405 0.0750 1.0000 2 4.000
132 0.4613 0.2959 0.2585 0.0000 1.0000 2 3.250
133 0.5457 0.2816 0.2389 0.0000 1.0000 2 3.875
134 0.5682 0.2687 0.2377 0.0000 1.0000 2 3.625
135 0.5282 0.2940 0.2586 0.0000 1.0000 15 4.125
136 0.5203 0.2951 0.2594 0.0250 1.0000 15 3.875
137 0.6052 0.2740 0.2513 0.0250 1.0000 15 3.625
138 0.5729 0.2893 0.2513 0.0000 1.0000 14 3.875
139 0.6413 0.2602 0.2522 0.1250 1.0000 2 4.125
140 0.5038 0.2692 0.2278 0.0000 1.0000 2 4.375
141 0.6904 0.2243 0.2560 0.0500 1.0000 16 4.375
142 0.4825 0.2981 0.2605 0.0000 1.0000 2 3.625
143 0.5263 0.2664 0.2244 0.0500 1.0000 60 3.125
144 0.5704 0.2818 0.2483 0.0000 1.0000 2 4.625
145 0.4675 0.2670 0.2291 0.0500 1.0000 15 3.625
146 0.5431 0.2748 0.2379 0.0000 1.0000 2 3.875
147 0.4646 0.2873 0.2513 0.0000 1.0000 15 3.875
148 0.6375 0.2510 0.2389 0.0500 1.0000 15 3.250
149 0.5850 0.2623 0.2275 0.0500 1.0000 2 4.000
150 0.6764 0.2531 0.2700 0.0000 1.0000 2 3.750
151 0.4637 0.2918 0.2562 0.0000 1.0000 15 3.375
152 0.6190 0.2609 0.2529 0.0000 1.0000 16 3.375
153 0.5157 0.2847 0.2457 0.0000 1.0000 15 4.500
154 0.5645 0.2756 0.2437 0.0000 1.0000 15 3.875
155 0.6415 0.2652 0.2537 0.0000 1.0000 2 3.625
156 0.4762 0.2820 0.2429 0.0000 1.0000 2 4.875
157 0.4585 0.2844 0.2524 0.0250 1.0000 15 3.875
158 0.5205 0.2937 0.2573 0.0250 1.0000 2 3.500
159 0.4270 0.2836 0.2573 0.0000 1.0000 2 4.250
160 0.5356 0.2813 0.2412 0.0250 1.0000 15 3.125
161 0.4863 0.2454 0.2049 0.0250 1.0000 2 4.375
162 0.6183 0.2891 0.2713 0.0500 1.0000 2 3.750
163 0.4735 0.2815 0.2408 0.0000 1.0000 2 3.000
164 0.7059 0.2134 0.2545 0.1500 1.0000 2 3.750
165 0.5888 0.2857 0.2551 0.0000 1.0000 2 3.250
166 0.5155 0.2917 0.2466 0.0000 1.0000 2 4.500
167 0.4042 0.2738 0.2524 0.0000 1.0000 2 4.250
168 0.4808 0.2754 0.2351 0.0250 1.0000 15 3.750
169 0.4545 0.2736 0.2382 0.0000 0.9750 50 4.125
170 0.4821 0.3055 0.2691 0.0000 1.0000 2 4.000
171 0.5552 0.2593 0.2220 0.0250 1.0000 2 3.500
172 0.4961 0.2726 0.2304 0.0250 1.0000 15 4.250
173 0.4736 0.2956 0.2573 0.0000 1.0000 15 3.500
174 0.5097 0.2915 0.2501 0.0000 1.0000 2 4.125
175 0.5132 0.2966 0.2541 0.0000 1.0000 2 3.750
176 0.6424 0.2571 0.2521 0.0750 1.0000 2 3.625
177 0.6627 0.2695 0.2711 0.0500 1.0000 2 2.875
178 0.4750 0.2782 0.2404 0.0000 1.0000 17 3.375
179 0.5625 0.2836 0.2450 0.0000 1.0000 14 3.875
180 0.6193 0.2694 0.2518 0.0250 1.0000 9 4.000
181 0.4151 0.2829 0.2588 0.0000 1.0000 2 4.000
182 0.6633 0.2591 0.2644 0.0250 1.0000 2 4.000
183 0.6249 0.2667 0.2494 0.0500 1.0000 2 3.875
184 0.5536 0.2975 0.2654 0.0500 1.0000 2 4.250
185 0.5806 0.2705 0.2371 0.0000 1.0000 2 4.125
186 0.5799 0.2873 0.2613 0.0500 1.0000 16 3.375
187 0.5513 0.2754 0.2379 0.0000 1.0000 16 3.750
188 0.6496 0.2612 0.2569 0.0250 1.0000 15 4.125
189 0.5325 0.3010 0.2625 0.0000 1.0000 2 4.125
190 0.4988 0.2867 0.2473 0.0000 1.0000 84 4.125
191 0.5885 0.2866 0.2592 0.0750 1.0000 2 3.500
192 0.7070 0.2169 0.2537 0.1750 1.0000 2 3.625
193 0.5476 0.2745 0.2378 0.0250 1.0000 4 4.625
194 0.5868 0.2771 0.2420 0.0250 1.0000 2 4.500
195 0.6246 0.2536 0.2399 0.0250 1.0000 14 3.375
196 0.6256 0.2734 0.2556 0.0750 1.0000 1 3.500
197 0.5520 0.2907 0.2530 0.0250 1.0000 2 3.375
198 0.6451 0.2418 0.2351 0.1250 1.0000 2 4.250
199 0.4723 0.2987 0.2570 0.0000 1.0000 14 4.000
200 0.5285 0.2947 0.2604 0.0000 1.0000 15 3.000
