1 0.2388 0.2344 0.3195 0.0000 0.9500 0 4.000
2 0.6395 0.2812 0.2702 0.0000 1.0000 15 4.125
3 0.8155 0.2021 0.3420 0.2000 1.0000 0 3.500
4 0.3332 0.2979 0.3032 0.0000 1.0000 15 4.000
5 0.8611 0.1933 0.3871 0.1500 1.0000 7 3.625
6 0.5143 0.3051 0.2693 0.0000 1.0000 6 3.625
7 0.5880 0.2916 0.2623 0.0000 1.0000 5 4.750
8 0.7027 0.2407 0.2813 0.1500 1.0000 8 3.750
9 0.0718 0.1194 0.4296 0.0000 0.5500 0 4.625
10 0.7109 0.2491 0.2930 0.0500 1.0000 15 4.250
11 0.7600 0.2510 0.3329 0.0500 1.0000 2 5.125
12 0.6954 0.2609 0.2829 0.0000 1.0000 38 4.250
13 0.8539 0.1987 0.3804 0.1000 1.0000 1 3.875
14 0.8352 0.1999 0.3605 0.1000 1.0000 2 3.750
15 0.6373 0.2688 0.2605 0.0000 1.0000 15 4.000
