1 0.4211 4.500
2 0.2632 4.000
3 0.3947 4.500
4 0.7368 4.125
5 0.8421 3.500
6 0.6842 2.750
7 0.6053 4.250
8 0.5000 4.500
9 0.2632 4.500
10 0.1579 3.250
11 0.6316 3.750
12 0.1579 4.375
13 0.6579 3.500
14 0.7895 4.625
15 0.5263 3.500
16 0.5000 3.000
17 0.4605 3.625
18 0.3421 4.000
19 0.3158 4.125
20 0.5526 3.500
21 0.6125 3.625
22 0.6250 3.875
23 0.5500 3.250
24 0.4750 3.750
25 0.1250 4.000
26 0.5250 4.125
27 0.5000 4.375
28 0.7000 4.250
29 0.6250 3.000
30 0.4250 4.375
31 0.6750 3.000
32 0.2500 3.000
33 0.6000 4.000
34 0.8750 3.625
35 0.5125 3.625
36 0.7500 4.625
37 0.4250 4.125
38 0.6500 4.000
39 0.5000 4.125
40 0.3625 3.625
41 0.9250 3.750
42 0.6000 4.625
43 0.5750 3.625
44 0.7125 4.750
45 0.7500 3.500
46 0.1250 4.000
47 0.8250 3.625
48 0.6750 4.250
49 0.6000 3.875
50 0.4625 4.000
51 0.2250 4.750
52 0.4750 4.125
53 0.4250 4.500
54 0.4250 3.500
55 0.7750 3.875
56 0.3250 3.375
57 0.3750 3.000
58 0.8500 3.750
59 0.6750 4.250
60 0.6500 3.750
61 0.6000 2.750
62 0.7000 3.875
63 0.2000 3.250
64 0.4250 3.500
65 0.6500 3.875
66 0.1750 4.250
67 0.7000 3.875
68 0.5000 4.625
69 0.3250 4.875
70 0.6500 4.625
71 0.1000 4.000
72 0.6250 3.875
73 0.2500 3.000
74 0.2750 4.500
75 0.9250 3.750
76 0.2000 3.375
77 0.3250 4.375
78 0.5500 4.125
79 0.8750 4.375
80 0.2875 4.125
81 0.3500 4.250
82 0.6500 4.125
83 0.8000 3.250
84 0.4000 3.125
85 0.7500 3.500
86 0.5125 3.625
87 0.6375 3.875
88 0.5750 3.500
89 0.5000 3.750
90 0.3000 3.625
91 0.6625 4.250
92 0.2625 4.000
93 0.4000 3.875
94 0.4250 4.125
95 0.5750 3.625
96 0.2000 4.250
97 0.6250 3.625
98 0.1500 4.625
99 0.5000 3.250
100 0.6000 3.875
