1
3
14
28
39
45
52
57
69
108
111
113
114
116
140
150
170
172
187
202
204
207
213
260
261
262
273
277
279
283
287
307
313
328
347
392
405
431
439
443
446
456
473
475
481
493
520
553
562
566
572
582
586
603
620
644
652
681
688
693
707
719
735
739
794
801
867
873
883
886
887
897
905
931
939
957
965
978
984
993
1018
1023
1030
1069
1076
1106
1120
1133
1136
1140
1141
1148
1160
1168
1171
1172
1198
1202
1207
1213
1223
1226
1228
1261
1264
1276
1284
1310
1320
1332
1336
1341
1356
1368
1386
1390
1394
1406
1411
1439
1441
1445
1449
1455
1478
1505
1506
1532
1536
1539
1544
1547
1549
1573
1586
1596
1607
1621
1639
1647
1651
1658
1684
1691
1749
1764
1773
1838
1839
1851
1854
1876
1880
1914
1941
1950
1965
1977
1994
2008
2041
2045
2063
2095
2102
2103
2108
2119
2143
2153
2166
2178
2195
2198
2230
2246
2253
2255
2301
2326
2378
2381
2385
2393
2401
2437
2450
2463
2464
2471
2488
2497
2499
2507
2514
2516
2521
2528
2531
2535
